// Paste of run from console

Part 1: 

How many countries do you want to add to the list?
4

Country Names: Swaziland
Zambia, Puerto Rico, Benin, 
Size of list: 4
List of countries: [Swaziland
  0.0 0.0 0.0 0.0 0.0 0.0 0.0 0.0 0.0 0.0 0.0 0.0 0.0 0.0 0.0 0.0 0.0 0.0 0.0 0.
0 0.0 0.0 0.0 0.0 0.0 0.0 0.0 0.0 0.0 0.0 0.0 0.0 0.0 0.0 0.0 0.0 0.0 0.0 0.4568
89998 1.335685412 3.102334742 5.117416802 6.283595288 7.813009856 13.24493632 18
.10541334 22.35630041 33.48085468 46.07241867 56.61109776 60.83084412 63.2375785
7 65.39478548
,Zambia
  0.0 0.0 0.0 0.0 0.0 0.0 0.0 0.0 0.0 0.0 0.0 0.0 0.0 0.0 0.0 0.0 0.0 0.0 0.0 0.
0 0.0 0.0 0.0 0.0 0.0 0.0 0.0 0.0 0.0 0.0 0.0 0.0 0.0 0.0 0.0 0.017497352 0.0299
89053 0.048819276 0.086243954 0.286507645 0.978647519 1.169642903 1.309049061 2.
212121526 4.155423212 8.278615333 14.11800015 21.79280605 28.41083233 34.3600105
1 41.21205404 59.88466455 74.77514723
,Puerto Rico
  0.0 0.0 0.0 0.0 0.0 0.0 0.0 0.0 0.0 0.0 0.0 0.0 0.0 0.0 0.0 0.0 0.0 0.0 0.0 0.
0 0.0 0.0 0.0 0.0 0.0 0.0 0.0 0.114236685 0.251646404 0.33269872 0.57899638 0.94
0707549 1.672777882 2.622388239 4.784861682 7.778517686 8.845403321 9.795459071 
15.38576626 21.48996378 34.71439546 42.85358211 43.40052831 45.15286159 48.97574
889 53.00157426 58.63957269 65.03405211 68.21954813 72.93243111 79.09024816 83.9
7889108 82.55282485
,Benin
  0.0 0.0 0.0 0.0 0.0 0.0 0.0 0.0 0.0 0.0 0.0 0.0 0.0 0.0 0.0 0.0 0.0 0.0 0.0 0.
0 0.0 0.0 0.0 0.0 0.0 0.0 0.0 0.0 0.0 0.0 0.0 0.0 0.0 0.0 0.0 0.017541931 0.0438
28702 0.067517635 0.096020877 0.107840809 0.79828865 1.742181889 2.950472734 3.0
8093958 5.797473518 7.28722342 12.50317546 23.56334604 40.40173435 54.46885832 7
4.39604921 79.40049868 83.65431589
]

What country do you want to search for?
zambia
Country zambia found with details:
Zambia
  0.0 0.0 0.0 0.0 0.0 0.0 0.0 0.0 0.0 0.0 0.0 0.0 0.0 0.0 0.0 0.0 0.0 0.0 0.0 0.
0 0.0 0.0 0.0 0.0 0.0 0.0 0.0 0.0 0.0 0.0 0.0 0.0 0.0 0.0 0.0 0.017497352 0.0299
89053 0.048819276 0.086243954 0.286507645 0.978647519 1.169642903 1.309049061 2.
212121526 4.155423212 8.278615333 14.11800015 21.79280605 28.41083233 34.3600105
1 41.21205404 59.88466455 74.77514723

Part 2: 

Size of list: 4
List of countries: [Swaziland
  0.0 0.0 0.0 0.0 0.0 0.0 0.0 0.0 0.0 0.0 0.0 0.0 0.0 0.0 0.0 0.0 0.0 0.0 0.0 0.
0 0.0 0.0 0.0 0.0 0.0 0.0 0.0 0.0 0.0 0.0 0.0 0.0 0.0 0.0 0.0 0.0 0.0 0.0 0.4568
89998 1.335685412 3.102334742 5.117416802 6.283595288 7.813009856 13.24493632 18
.10541334 22.35630041 33.48085468 46.07241867 56.61109776 60.83084412 63.2375785
7 65.39478548
,Zambia
  0.0 0.0 0.0 0.0 0.0 0.0 0.0 0.0 0.0 0.0 0.0 0.0 0.0 0.0 0.0 0.0 0.0 0.0 0.0 0.
0 0.0 0.0 0.0 0.0 0.0 0.0 0.0 0.0 0.0 0.0 0.0 0.0 0.0 0.0 0.0 0.017497352 0.0299
89053 0.048819276 0.086243954 0.286507645 0.978647519 1.169642903 1.309049061 2.
212121526 4.155423212 8.278615333 14.11800015 21.79280605 28.41083233 34.3600105
1 41.21205404 59.88466455 74.77514723
,Puerto Rico
  0.0 0.0 0.0 0.0 0.0 0.0 0.0 0.0 0.0 0.0 0.0 0.0 0.0 0.0 0.0 0.0 0.0 0.0 0.0 0.
0 0.0 0.0 0.0 0.0 0.0 0.0 0.0 0.114236685 0.251646404 0.33269872 0.57899638 0.94
0707549 1.672777882 2.622388239 4.784861682 7.778517686 8.845403321 9.795459071 
15.38576626 21.48996378 34.71439546 42.85358211 43.40052831 45.15286159 48.97574
889 53.00157426 58.63957269 65.03405211 68.21954813 72.93243111 79.09024816 83.9
7889108 82.55282485
,Benin
  0.0 0.0 0.0 0.0 0.0 0.0 0.0 0.0 0.0 0.0 0.0 0.0 0.0 0.0 0.0 0.0 0.0 0.0 0.0 0.
0 0.0 0.0 0.0 0.0 0.0 0.0 0.0 0.0 0.0 0.0 0.0 0.0 0.0 0.0 0.0 0.017541931 0.0438
28702 0.067517635 0.096020877 0.107840809 0.79828865 1.742181889 2.950472734 3.0
8093958 5.797473518 7.28722342 12.50317546 23.56334604 40.40173435 54.46885832 7
4.39604921 79.40049868 83.65431589
]

What country do you want to search for?
somecountry
Country somecountry not found.

Part 2: 

Now printing the Total subscription data of selected countries: 
Aruba (1960 to 2012): 1170.50 
 
Please enter a valid year. The starting year is less than 1960
Starting from 1960 total number of subscriptions 
Middle East & North Africa (developing only) (1959 to 1989): 0.01 
 
Antigua and Barbuda (1960 to 2000): 45.32 
 
Zimbabwe (1988 to 2012): 300.09 
 
Please enter a valid year. The end year is greater than 2012
Total number of subscriptions till 2012
Jamaica (1961 to 2014): 1016.72 
 

Done with TestGenericList.
